,Mean_Variance_mean,Mean_Variance_std,Mean_Variance_min,Mean_Variance_max,Mean_Variance_median,Number_of_outliers_mean,Number_of_outliers_std,Number_of_outliers_min,Number_of_outliers_max,Number_of_outliers_median,Num_Layers,Middle_Mean_Variance_mean,Middle_Mean_Variance_std,Middle_Mean_Variance_min,Middle_Mean_Variance_max,Middle_Mean_Variance_median,Middle_Mean_Variance_Change_Rate_mean,Middle_Mean_Variance_Change_Rate_std,Middle_Mean_Variance_Change_Rate_min,Middle_Mean_Variance_Change_Rate_max,Middle_Mean_Variance_Change_Rate_median,Final_Mean_Variance_mean,Final_Mean_Variance_std,Final_Mean_Variance_min,Final_Mean_Variance_max,Final_Mean_Variance_median,Final_Mean_Variance_Change_Rate_mean,Final_Mean_Variance_Change_Rate_std,Final_Mean_Variance_Change_Rate_min,Final_Mean_Variance_Change_Rate_max,Final_Mean_Variance_Change_Rate_median,Attack_Type
Mean_Variance_mean,1.0,0.9837463191430155,0.9936837323033676,0.9897823487524935,0.9991750972574784,0.38431216018765313,0.36701110396748504,,0.23409233721288772,,,0.999971384757816,0.9763579392851226,0.993848901439764,0.9891766468493712,0.9979737167622655,-0.6193544636298199,-0.29544817825769426,0.13980304618249828,-0.18180800644122766,0.45329384697363007,0.9994349381326746,0.9479144149436096,0.9960720082971504,0.983649682494882,0.9942550373175613,0.6129534247153712,0.5937004339097496,0.012709117320680722,0.8616964117361946,0.2293426839634263,0.9990866791821823
Mean_Variance_std,0.9837463191430155,1.0,0.9620858437662311,0.9986906387756019,0.9761230878298601,0.3749467388838642,0.36082053672496106,,0.20252487843918948,,,0.9839206364444025,0.9987687909793854,0.9593870924758313,0.9986379824228574,0.9744572539685258,-0.6193836156905868,-0.2810820782184078,0.09849696266019717,-0.20789106737038812,0.4294294111515839,0.9798353432204632,0.9865404764181411,0.9679591272149015,0.9940799565062877,0.9653691182514151,0.630090175998631,0.6712165010400377,-0.026958097396609055,0.8815841456056123,0.14230928687693975,0.9782879151765528
Mean_Variance_min,0.9936837323033676,0.9620858437662311,1.0,0.9727846523227746,0.9958432174014992,0.40453616671680276,0.38792844845990365,,0.258121318219159,,,0.9937901026493406,0.9528099528584927,0.9966990744174775,0.9720954404146784,0.9948308709521417,-0.6364839742801522,-0.3253878454805076,0.13218940607861,-0.1856813227800773,0.4911901601483799,0.995807188420532,0.9169806490011125,0.9987605362963441,0.9690294926210393,0.9977640926253905,0.5783477097734593,0.5574992743982601,0.045985235992372545,0.857750198418489,0.22361197560108817,0.9952247031415417
Mean_Variance_max,0.9897823487524935,0.9986906387756019,0.9727846523227746,1.0,0.9835055588396905,0.3701009534336077,0.3545521202326373,,0.20040151929809918,,,0.9899977155545363,0.9970180308125784,0.969029685617284,0.999975826528856,0.9821452924622062,-0.6355788172885931,-0.3015215213610119,0.09177353167101113,-0.2191453038714095,0.44548347432482793,0.9872519167134545,0.9789536656310873,0.977921105522887,0.9951426613199796,0.9760117995719462,0.6263761500733128,0.6576234423641174,-0.00038784717268763527,0.8823874462694897,0.1526577856349255,0.9853384347290945
Mean_Variance_median,0.9991750972574784,0.9761230878298601,0.9958432174014992,0.9835055588396905,1.0,0.3847207339992909,0.3664026617906492,,0.23958109506928824,,,0.9991368720125211,0.9671007420208496,0.996686752950678,0.9827585690582754,0.9990030392928707,-0.6187651691157141,-0.2997352984088051,0.14538004341614919,-0.17860033922616572,0.45754913681112636,0.9991439165516689,0.9369390438616195,0.9976218365618752,0.9778459801106298,0.9959760321495962,0.6116299528743027,0.579791564289764,0.014072062177536341,0.8570449552014062,0.25559227559694203,0.9993400143275147
Number_of_outliers_mean,0.38431216018765313,0.3749467388838642,0.40453616671680276,0.3701009534336077,0.3847207339992909,1.0,0.9923166250968105,,0.9428511633958605,,,0.3842139889228685,0.362276619756722,0.39385486484687243,0.36833944147334613,0.35420613381037364,-0.3964863666654922,-0.24945270667179015,-0.03448505576235744,-0.10152009174531958,0.4132637937007037,0.3768349826876996,0.4012292741277115,0.3944687945383928,0.4034354783076784,0.39407943726874833,0.10481591442700391,0.1895582304196039,-0.20835977138975662,0.45597940052157926,-0.0713450820926511,0.38185109374367215
Number_of_outliers_std,0.36701110396748504,0.36082053672496106,0.38792844845990365,0.3545521202326373,0.3664026617906492,0.9923166250968105,1.0,,0.9413515097228136,,,0.36684196996674767,0.3482146821665938,0.37613869715826553,0.352652309252639,0.3356365076635926,-0.34007662345575634,-0.1833289147760115,0.021668520987218647,-0.0417317768134388,0.3585563375930062,0.35883220359125956,0.3878010267014255,0.3742469188290096,0.3896614836397508,0.37767152581315977,0.03063214735617335,0.15226873170199423,-0.17239412527641151,0.43971200624285867,-0.10702939636920726,0.3636156167694508
Number_of_outliers_min,,,,,,,,,,,,,,,,,,,,,,,,,,,,,,,,
Number_of_outliers_max,0.23409233721288772,0.20252487843918948,0.258121318219159,0.20040151929809918,0.23958109506928824,0.9428511633958605,0.9413515097228136,,1.0,,,0.23327722394639985,0.18583149053813847,0.2520502540968421,0.197779220230795,0.210474176151944,-0.29979601702985775,-0.22838149923305467,-0.03966859565371688,-0.0942592179989175,0.3456578320116345,0.22423882220441435,0.20734603271105417,0.24214489834247285,0.237022197255225,0.249060072744092,0.02286085506499801,0.009736165033619399,-0.2373417926861942,0.30930819119934977,0.06355904745629479,0.23833597913787544
Number_of_outliers_median,,,,,,,,,,,,,,,,,,,,,,,,,,,,,,,,
Num_Layers,,,,,,,,,,,,,,,,,,,,,,,,,,,,,,,,
Middle_Mean_Variance_mean,0.999971384757816,0.9839206364444025,0.9937901026493406,0.9899977155545363,0.9991368720125211,0.3842139889228685,0.36684196996674767,,0.23327722394639985,,,1.0,0.9765463014333244,0.9936445458249448,0.989427754356244,0.9980037481168286,-0.622738796881458,-0.3000244222800452,0.13454015053597648,-0.18676946096264602,0.4575880566529849,0.9993839791939226,0.9486292384080148,0.9961931638198324,0.9843376598332387,0.9944023997191789,0.6156448163728512,0.5979493415159021,0.012404073186998993,0.8640562994438884,0.2276566119843761,0.9989743320384842
Middle_Mean_Variance_std,0.9763579392851226,0.9987687909793854,0.9528099528584927,0.9970180308125784,0.9671007420208496,0.362276619756722,0.3482146821665938,,0.18583149053813847,,,0.9765463014333244,1.0,0.9482850284794644,0.9971963840558682,0.9654813348246147,-0.6261193395795166,-0.28657693599884926,0.08134744438543905,-0.2212224467869621,0.4263806967165101,0.9725686182072462,0.9869393755101102,0.9593470050651273,0.9915413268179585,0.9569851549619485,0.6244758543579509,0.6776097336009143,-0.01393949010412694,0.8795040029825955,0.1123709279689585,0.9701363324816862
Middle_Mean_Variance_min,0.993848901439764,0.9593870924758313,0.9966990744174775,0.969029685617284,0.996686752950678,0.39385486484687243,0.37613869715826553,,0.2520502540968421,,,0.9936445458249448,0.9482850284794644,1.0,0.9680906350470656,0.9951398337129355,-0.5882179249641698,-0.27373502337316874,0.18566527915771888,-0.13450175398576136,0.44937790539776773,0.9954072882372691,0.9116511894329006,0.9971137518040744,0.9601360271460015,0.9944410223680302,0.5819139559072658,0.5314121279825771,0.0381533984954323,0.825758616676312,0.2528209607035022,0.9947242480063456
Middle_Mean_Variance_max,0.9891766468493712,0.9986379824228574,0.9720954404146784,0.999975826528856,0.9827585690582754,0.36833944147334613,0.352652309252639,,0.197779220230795,,,0.989427754356244,0.9971963840558682,0.9680906350470656,1.0,0.9814256997932349,-0.6377997324392044,-0.30446622914879246,0.087458926346746,-0.22297687212619358,0.4474996170381252,0.986672651873891,0.9792056192618481,0.9773634800108095,0.9951649433957199,0.9754565277624737,0.6276756399424626,0.660194677442991,0.0017543299610235776,0.8828025132919823,0.14879823209646922,0.98457026346907
Middle_Mean_Variance_median,0.9979737167622655,0.9744572539685258,0.9948308709521417,0.9821452924622062,0.9990030392928707,0.35420613381037364,0.3356365076635926,,0.210474176151944,,,0.9980037481168286,0.9654813348246147,0.9951398337129355,0.9814256997932349,1.0,-0.620167381011607,-0.3073749827369617,0.1356802046916106,-0.18783074379702794,0.46714292595510254,0.9981130063525301,0.9341690314803526,0.9961862399315732,0.9765981727955063,0.9938233428662491,0.6266469394604591,0.5925130923157458,0.00023640449329029217,0.8600689554536728,0.25965599910131154,0.999042216366375
Middle_Mean_Variance_Change_Rate_mean,-0.6193544636298199,-0.6193836156905868,-0.6364839742801522,-0.6355788172885931,-0.6187651691157141,-0.3964863666654922,-0.34007662345575634,,-0.29979601702985775,,,-0.622738796881458,-0.6261193395795166,-0.5882179249641698,-0.6377997324392044,-0.620167381011607,1.0,0.9081815308119254,0.6428615807084602,0.8408724613118024,-0.8348499554926279,-0.620859587761816,-0.6236485977348112,-0.638080194117311,-0.6802248124751833,-0.6442791808073856,-0.6456363481332106,-0.7056370471127735,0.08764046403542068,-0.8350063829141721,-0.12997871563876548,-0.6264088487312028
Middle_Mean_Variance_Change_Rate_std,-0.29544817825769426,-0.2810820782184078,-0.3253878454805076,-0.3015215213610119,-0.2997352984088051,-0.24945270667179015,-0.1833289147760115,,-0.22838149923305467,,,-0.3000244222800452,-0.28657693599884926,-0.27373502337316874,-0.30446622914879246,-0.3073749827369617,0.9081815308119254,1.0,0.8635789668726842,0.9543411799088314,-0.8870438831419559,-0.29746119571095114,-0.28733634427185195,-0.3246036207412419,-0.3562894874393306,-0.32701272535728426,-0.6013649460002741,-0.5995454999963087,0.1807197751397674,-0.5934341725043321,-0.09124712601820781,-0.30692145244607877
Middle_Mean_Variance_Change_Rate_min,0.13980304618249828,0.09849696266019717,0.13218940607861,0.09177353167101113,0.14538004341614919,-0.03448505576235744,0.021668520987218647,,-0.03966859565371688,,,0.13454015053597648,0.08134744438543905,0.18566527915771888,0.087458926346746,0.1356802046916106,0.6428615807084602,0.8635789668726842,1.0,0.9317644205617778,-0.6866527173205484,0.14308120951324083,0.043639747742489673,0.12740781054926992,0.03375840925818464,0.12821260992786881,-0.424338407683583,-0.5051082160646361,0.2650085816466007,-0.26214337928991277,0.14565350002660926,0.13591121606401851
Middle_Mean_Variance_Change_Rate_max,-0.18180800644122766,-0.20789106737038812,-0.1856813227800773,-0.2191453038714095,-0.17860033922616572,-0.10152009174531958,-0.0417317768134388,,-0.0942592179989175,,,-0.18676946096264602,-0.2212224467869621,-0.13450175398576136,-0.22297687212619358,-0.18783074379702794,0.8408724613118024,0.9543411799088314,0.9317644205617778,1.0,-0.768922498262489,-0.17806880304479228,-0.24038732756425552,-0.19172759181036045,-0.2756636438239281,-0.1983488204839707,-0.6022813254232109,-0.6377622352001014,0.19223179114510405,-0.5243748802401811,-0.06304565117307537,-0.18706782554891055
Middle_Mean_Variance_Change_Rate_median,0.45329384697363007,0.4294294111515839,0.4911901601483799,0.44548347432482793,0.45754913681112636,0.4132637937007037,0.3585563375930062,,0.3456578320116345,,,0.4575880566529849,0.4263806967165101,0.44937790539776773,0.4474996170381252,0.46714292595510254,-0.8348499554926279,-0.8870438831419559,-0.6866527173205484,-0.768922498262489,1.0,0.45426557595327766,0.4298977265802133,0.4822163776473128,0.4922169616695458,0.46736897528712895,0.6800197243586198,0.6875957672225126,-0.35695313308668897,0.6844213522787367,-0.07010933470272546,0.4646362363166407
Final_Mean_Variance_mean,0.9994349381326746,0.9798353432204632,0.995807188420532,0.9872519167134545,0.9991439165516689,0.3768349826876996,0.35883220359125956,,0.22423882220441435,,,0.9993839791939226,0.9725686182072462,0.9954072882372691,0.986672651873891,0.9981130063525301,-0.620859587761816,-0.29746119571095114,0.14308120951324083,-0.17806880304479228,0.45426557595327766,1.0,0.9407652167614738,0.9979414226545101,0.9799809523078197,0.9960546605454424,0.6022114865536006,0.581302621683239,0.03229088123645768,0.8555458980214645,0.22538839491857968,0.998947007498389
Final_Mean_Variance_std,0.9479144149436096,0.9865404764181411,0.9169806490011125,0.9789536656310873,0.9369390438616195,0.4012292741277115,0.3878010267014255,,0.20734603271105417,,,0.9486292384080148,0.9869393755101102,0.9116511894329006,0.9792056192618481,0.9341690314803526,-0.6236485977348112,-0.28733634427185195,0.043639747742489673,-0.24038732756425552,0.4298977265802133,0.9407652167614738,1.0,0.9254288427186286,0.9822572222799286,0.9217567526168383,0.6484735982412442,0.7458294868297347,-0.09673327672825054,0.9001379754281816,0.09931528200428473,0.939164136381975
Final_Mean_Variance_min,0.9960720082971504,0.9679591272149015,0.9987605362963441,0.977921105522887,0.9976218365618752,0.3944687945383928,0.3742469188290096,,0.24214489834247285,,,0.9961931638198324,0.9593470050651273,0.9971137518040744,0.9773634800108095,0.9961862399315732,-0.638080194117311,-0.3246036207412419,0.12740781054926992,-0.19172759181036045,0.4822163776473128,0.9979414226545101,0.9254288427186286,1.0,0.9722407960792772,0.9981740565687637,0.5966078631469806,0.5690872398428841,0.04763869973848289,0.8539407103790703,0.22950559620621852,0.9964215244580252
Final_Mean_Variance_max,0.983649682494882,0.9940799565062877,0.9690294926210393,0.9951426613199796,0.9778459801106298,0.4034354783076784,0.3896614836397508,,0.237022197255225,,,0.9843376598332387,0.9915413268179585,0.9601360271460015,0.9951649433957199,0.9765981727955063,-0.6802248124751833,-0.3562894874393306,0.03375840925818464,-0.2756636438239281,0.4922169616695458,0.9799809523078197,0.9822572222799286,0.9722407960792772,1.0,0.9725740541710949,0.6384661924505174,0.6950657726972691,-0.030974476609792797,0.9218271183645144,0.16147732550145558,0.9800135180460162
Final_Mean_Variance_median,0.9942550373175613,0.9653691182514151,0.9977640926253905,0.9760117995719462,0.9959760321495962,0.39407943726874833,0.37767152581315977,,0.249060072744092,,,0.9944023997191789,0.9569851549619485,0.9944410223680302,0.9754565277624737,0.9938233428662491,-0.6442791808073856,-0.32701272535728426,0.12821260992786881,-0.1983488204839707,0.46736897528712895,0.9960546605454424,0.9217567526168383,0.9981740565687637,0.9725740541710949,1.0,0.5720973677691986,0.5529955885199805,0.08245603339710006,0.8577123917893994,0.24486778443142102,0.9945492288453449
Final_Mean_Variance_Change_Rate_mean,0.6129534247153712,0.630090175998631,0.5783477097734593,0.6263761500733128,0.6116299528743027,0.10481591442700391,0.03063214735617335,,0.02286085506499801,,,0.6156448163728512,0.6244758543579509,0.5819139559072658,0.6276756399424626,0.6266469394604591,-0.6456363481332106,-0.6013649460002741,-0.424338407683583,-0.6022813254232109,0.6800197243586198,0.6022114865536006,0.6484735982412442,0.5966078631469806,0.6384661924505174,0.5720973677691986,1.0,0.8416954405071156,-0.5097170381216629,0.6734840665212329,0.2843209153326628,0.6145135435994505
Final_Mean_Variance_Change_Rate_std,0.5937004339097496,0.6712165010400377,0.5574992743982601,0.6576234423641174,0.579791564289764,0.1895582304196039,0.15226873170199423,,0.009736165033619399,,,0.5979493415159021,0.6776097336009143,0.5314121279825771,0.660194677442991,0.5925130923157458,-0.7056370471127735,-0.5995454999963087,-0.5051082160646361,-0.6377622352001014,0.6875957672225126,0.581302621683239,0.7458294868297347,0.5690872398428841,0.6950657726972691,0.5529955885199805,0.8416954405071156,1.0,-0.4535925951917898,0.817578323300865,-0.04590073591759247,0.5870953230061519
Final_Mean_Variance_Change_Rate_min,0.012709117320680722,-0.026958097396609055,0.045985235992372545,-0.00038784717268763527,0.014072062177536341,-0.20835977138975662,-0.17239412527641151,,-0.2373417926861942,,,0.012404073186998993,-0.01393949010412694,0.0381533984954323,0.0017543299610235776,0.00023640449329029217,0.08764046403542068,0.1807197751397674,0.2650085816466007,0.19223179114510405,-0.35695313308668897,0.03229088123645768,-0.09673327672825054,0.04763869973848289,-0.030974476609792797,0.08245603339710006,-0.5097170381216629,-0.4535925951917898,1.0,-0.20342142073611374,-0.12315521161086164,-0.0005943372953160829
Final_Mean_Variance_Change_Rate_max,0.8616964117361946,0.8815841456056123,0.857750198418489,0.8823874462694897,0.8570449552014062,0.45597940052157926,0.43971200624285867,,0.30930819119934977,,,0.8640562994438884,0.8795040029825955,0.825758616676312,0.8828025132919823,0.8600689554536728,-0.8350063829141721,-0.5934341725043321,-0.26214337928991277,-0.5243748802401811,0.6844213522787367,0.8555458980214645,0.9001379754281816,0.8539407103790703,0.9218271183645144,0.8577123917893994,0.6734840665212329,0.817578323300865,-0.20342142073611374,1.0,0.14906580649834242,0.8643906807073237
Final_Mean_Variance_Change_Rate_median,0.2293426839634263,0.14230928687693975,0.22361197560108817,0.1526577856349255,0.25559227559694203,-0.0713450820926511,-0.10702939636920726,,0.06355904745629479,,,0.2276566119843761,0.1123709279689585,0.2528209607035022,0.14879823209646922,0.25965599910131154,-0.12997871563876548,-0.09124712601820781,0.14565350002660926,-0.06304565117307537,-0.07010933470272546,0.22538839491857968,0.09931528200428473,0.22950559620621852,0.16147732550145558,0.24486778443142102,0.2843209153326628,-0.04590073591759247,-0.12315521161086164,0.14906580649834242,1.0,0.2490730011888816
Attack_Type,0.9990866791821823,0.9782879151765528,0.9952247031415417,0.9853384347290945,0.9993400143275147,0.38185109374367215,0.3636156167694508,,0.23833597913787544,,,0.9989743320384842,0.9701363324816862,0.9947242480063456,0.98457026346907,0.999042216366375,-0.6264088487312028,-0.30692145244607877,0.13591121606401851,-0.18706782554891055,0.4646362363166407,0.998947007498389,0.939164136381975,0.9964215244580252,0.9800135180460162,0.9945492288453449,0.6145135435994505,0.5870953230061519,-0.0005943372953160829,0.8643906807073237,0.2490730011888816,1.0
